volume peso recompensa duração(s)
3 3 575 287
3 3 575 287
3 3 575 287
3 3 575 287
3 3 575 287
3 3 575 287
3 3 575 287
3 3 575 287
3 3 575 287
3 3 575 287
3 3 575 287
3 3 575 287
3 3 575 287
3 3 575 287
3 3 575 287
3 3 575 287
3 3 575 287
3 3 575 287
3 3 575 287
3 3 575 287
3 3 575 287
3 3 575 287
3 3 575 287
3 3 575 287
3 3 575 287
3 3 575 287
3 3 575 287
3 3 575 287
3 3 575 287
3 3 575 287
6 3 615 970
6 3 615 970
6 3 615 970
6 3 615 970
6 3 615 970
6 3 615 970
6 3 615 970
6 3 615 970
6 3 615 970
6 3 615 970
6 3 615 970
6 3 615 970
6 3 615 970
6 3 615 970
6 3 615 970
6 3 615 970
6 3 615 970
6 3 615 970
6 3 615 970
6 3 615 970
6 3 615 970
6 3 615 970
6 3 615 970
6 3 615 970
6 3 615 970
6 3 615 970
6 3 615 970
6 3 615 970
6 3 615 970
6 3 615 970
6 3 615 970
6 3 615 970
6 3 615 970
6 3 615 970
6 3 615 970
6 3 615 970
20 13 1542 128
20 13 1542 128
20 13 1542 128
20 13 1542 128
20 13 1542 128
20 13 1542 128
20 13 1542 128
20 13 1542 128
20 13 1542 128
20 13 1542 128
20 13 1542 128
20 13 1542 128
20 13 1542 128
20 13 1542 128
20 13 1542 128
20 13 1542 128
20 13 1542 128
20 13 1542 128
20 13 1542 128
20 13 1542 128
56 54 724 816
56 54 724 816
56 54 724 816
56 54 724 816
56 54 724 816
56 54 724 816
56 54 724 816
56 54 724 816
56 54 724 816
56 54 724 816
56 54 724 816
56 54 724 816
56 54 724 816
56 54 724 816
